solid OpenSCAD_Model
  facet normal 0 0 1
    outer loop
      vertex 0 1.73205 0
      vertex -0.125 1.51554 0
      vertex 0.125 1.51554 0
    endloop
  endfacet
  facet normal 0 -0 -1
    outer loop
      vertex 0 1.73205 0
      vertex 0.125 1.51554 0
      vertex -0.125 1.51554 0
    endloop
  endfacet
  facet normal 0 0.942655 0.33377
    outer loop
      vertex 0.125 1.51554 0
      vertex -0.125 1.51554 0
      vertex 0 1.44338 0.203799
    endloop
  endfacet
  facet normal -0 -0.942655 -0.33377
    outer loop
      vertex 0.125 1.51554 0
      vertex 0 1.44338 0.203799
      vertex -0.125 1.51554 0
    endloop
  endfacet
  facet normal 0.0404201 0.933826 0.355436
    outer loop
      vertex 0 1.44327 0.204088
      vertex 0.125 1.51554 0
      vertex 0 1.44338 0.203799
    endloop
  endfacet
  facet normal -0.0404201 0.933826 0.355436
    outer loop
      vertex 0 1.44327 0.204088
      vertex 0 1.44338 0.203799
      vertex -0.125 1.51554 0
    endloop
  endfacet
  facet normal 0.0404201 -0.933826 -0.355436
    outer loop
      vertex 0 1.44327 0.204088
      vertex -0.125 1.51554 0
      vertex 0 1.44338 0.203799
    endloop
  endfacet
  facet normal -0.0404201 -0.933826 -0.355436
    outer loop
      vertex 0 1.44327 0.204088
      vertex 0 1.44338 0.203799
      vertex 0.125 1.51554 0
    endloop
  endfacet
  facet normal 0 0 1
    outer loop
      vertex 0.125 1.51554 0
      vertex 7.2422e-18 1.29904 0
      vertex 0.25 1.29904 0
    endloop
  endfacet
  facet normal 0 -0 1
    outer loop
      vertex 7.2422e-18 1.29904 0
      vertex 0.125 1.51554 0
      vertex 0 1.29904 0
    endloop
  endfacet
  facet normal 0 0 -1
    outer loop
      vertex 7.2422e-18 1.29904 0
      vertex 0.125 1.51554 0
      vertex 0.25 1.29904 0
    endloop
  endfacet
  facet normal 0 0 -1
    outer loop
      vertex 0.125 1.51554 0
      vertex 7.2422e-18 1.29904 0
      vertex 0 1.29904 0
    endloop
  endfacet
  facet normal 0 0 1
    outer loop
      vertex -0.125 1.51554 0
      vertex -7.2422e-18 1.29904 0
      vertex 0 1.29904 0
    endloop
  endfacet
  facet normal 0 0 1
    outer loop
      vertex -7.2422e-18 1.29904 0
      vertex -0.125 1.51554 0
      vertex -0.25 1.29904 0
    endloop
  endfacet
  facet normal 0 0 -1
    outer loop
      vertex -7.2422e-18 1.29904 0
      vertex -0.125 1.51554 0
      vertex 0 1.29904 0
    endloop
  endfacet
  facet normal 0 -0 -1
    outer loop
      vertex -0.125 1.51554 0
      vertex -7.2422e-18 1.29904 0
      vertex -0.25 1.29904 0
    endloop
  endfacet
  facet normal -0.829 -0.45935 0.318993
    outer loop
      vertex 8.86563e-05 1.44332 0.203943
      vertex 0 1.44348 0.203943
      vertex 0 1.44338 0.203799
    endloop
  endfacet
  facet normal -0.820861 -0.454841 0.345408
    outer loop
      vertex 0 1.44348 0.203943
      vertex 8.86563e-05 1.44332 0.203943
      vertex 8.87193e-05 1.44343 0.204088
    endloop
  endfacet
  facet normal 0.820861 0.454841 -0.345408
    outer loop
      vertex 8.86563e-05 1.44332 0.203943
      vertex 0 1.44348 0.203943
      vertex 8.87193e-05 1.44343 0.204088
    endloop
  endfacet
  facet normal 0.829 0.45935 -0.318993
    outer loop
      vertex 0 1.44348 0.203943
      vertex 8.86563e-05 1.44332 0.203943
      vertex 0 1.44338 0.203799
    endloop
  endfacet
  facet normal -0.814542 -0.476481 0.330889
    outer loop
      vertex 0 1.44348 0.203943
      vertex -0.125 1.51554 0
      vertex 0 1.44338 0.203799
    endloop
  endfacet
  facet normal 0.814542 0.476481 -0.330889
    outer loop
      vertex 0 1.44348 0.203943
      vertex 0 1.44338 0.203799
      vertex -0.125 1.51554 0
    endloop
  endfacet
  facet normal -0.816342 -0.471329 0.333817
    outer loop
      vertex 0 1.44338 0.203799
      vertex -0.125 1.51554 0
      vertex 0 1.29904 0
    endloop
  endfacet
  facet normal 0.816342 0.471329 -0.333817
    outer loop
      vertex 0 1.44338 0.203799
      vertex 0 1.29904 0
      vertex -0.125 1.51554 0
    endloop
  endfacet
  facet normal -0.830514 -0.454543 0.321928
    outer loop
      vertex 0 1.44338 0.203799
      vertex 0 1.29904 0
      vertex 8.86563e-05 1.44332 0.203943
    endloop
  endfacet
  facet normal 0 -0.816135 0.577861
    outer loop
      vertex 8.86563e-05 1.44332 0.203943
      vertex 0 1.29904 0
      vertex 7.2422e-18 1.29904 0
    endloop
  endfacet
  facet normal 0.830514 0.454543 -0.321928
    outer loop
      vertex 0 1.44338 0.203799
      vertex 8.86563e-05 1.44332 0.203943
      vertex 7.2422e-18 1.29904 0
    endloop
  endfacet
  facet normal 0 0.816058 -0.57797
    outer loop
      vertex 0 1.44338 0.203799
      vertex 7.2422e-18 1.29904 0
      vertex 0 1.29904 0
    endloop
  endfacet
  facet normal 0.820861 -0.454841 0.345408
    outer loop
      vertex -8.86563e-05 1.44332 0.203943
      vertex 0 1.44348 0.203943
      vertex -8.87193e-05 1.44343 0.204088
    endloop
  endfacet
  facet normal 0.829 -0.45935 0.318993
    outer loop
      vertex 0 1.44348 0.203943
      vertex -8.86563e-05 1.44332 0.203943
      vertex 0 1.44338 0.203799
    endloop
  endfacet
  facet normal -0.829 0.45935 -0.318993
    outer loop
      vertex -8.86563e-05 1.44332 0.203943
      vertex 0 1.44348 0.203943
      vertex 0 1.44338 0.203799
    endloop
  endfacet
  facet normal -0.820861 0.454841 -0.345408
    outer loop
      vertex 0 1.44348 0.203943
      vertex -8.86563e-05 1.44332 0.203943
      vertex -8.87193e-05 1.44343 0.204088
    endloop
  endfacet
  facet normal 0.830514 -0.454543 0.321928
    outer loop
      vertex 0 1.44338 0.203799
      vertex -8.86563e-05 1.44332 0.203943
      vertex -7.2422e-18 1.29904 0
    endloop
  endfacet
  facet normal 0 -0.816058 0.57797
    outer loop
      vertex 0 1.44338 0.203799
      vertex -7.2422e-18 1.29904 0
      vertex 0 1.29904 0
    endloop
  endfacet
  facet normal -0.830514 0.454543 -0.321928
    outer loop
      vertex 0 1.44338 0.203799
      vertex 0 1.29904 0
      vertex -8.86563e-05 1.44332 0.203943
    endloop
  endfacet
  facet normal 0 0.816135 -0.577861
    outer loop
      vertex -8.86563e-05 1.44332 0.203943
      vertex 0 1.29904 0
      vertex -7.2422e-18 1.29904 0
    endloop
  endfacet
  facet normal 0.816342 -0.471329 0.333817
    outer loop
      vertex 0 1.44338 0.203799
      vertex 0 1.29904 0
      vertex 0.125 1.51554 0
    endloop
  endfacet
  facet normal -0.816342 0.471329 -0.333817
    outer loop
      vertex 0 1.44338 0.203799
      vertex 0.125 1.51554 0
      vertex 0 1.29904 0
    endloop
  endfacet
  facet normal 0.814542 -0.476481 0.330889
    outer loop
      vertex 0 1.44348 0.203943
      vertex 0 1.44338 0.203799
      vertex 0.125 1.51554 0
    endloop
  endfacet
  facet normal -0.814542 0.476481 -0.330889
    outer loop
      vertex 0 1.44348 0.203943
      vertex 0.125 1.51554 0
      vertex 0 1.44338 0.203799
    endloop
  endfacet
  facet normal -0.0134076 -0.945114 -0.326464
    outer loop
      vertex -0.125 1.22677 0.204088
      vertex 0 1.1547 0.407597
      vertex 0 1.1545 0.408176
    endloop
  endfacet
  facet normal 0 -0.942636 -0.333822
    outer loop
      vertex -0.125 1.22677 0.204088
      vertex -0.124822 1.22677 0.204088
      vertex 0 1.1547 0.407597
    endloop
  endfacet
  facet normal 0.0134076 -0.945114 -0.326464
    outer loop
      vertex 0 1.1547 0.407597
      vertex 0.125 1.22677 0.204088
      vertex 0 1.1545 0.408176
    endloop
  endfacet
  facet normal 0 -0.942636 -0.333822
    outer loop
      vertex 0.124822 1.22677 0.204088
      vertex 0.125 1.22677 0.204088
      vertex 0 1.1547 0.407597
    endloop
  endfacet
  facet normal -0.0134076 0.945114 0.326464
    outer loop
      vertex 0.125 1.22677 0.204088
      vertex 0 1.1547 0.407597
      vertex 0 1.1545 0.408176
    endloop
  endfacet
  facet normal 0 0.942636 0.333822
    outer loop
      vertex 0.125 1.22677 0.204088
      vertex 0.124822 1.22677 0.204088
      vertex 0 1.1547 0.407597
    endloop
  endfacet
  facet normal 0.0134076 0.945114 0.326464
    outer loop
      vertex 0 1.1547 0.407597
      vertex -0.125 1.22677 0.204088
      vertex 0 1.1545 0.408176
    endloop
  endfacet
  facet normal 0 0.942636 0.333822
    outer loop
      vertex -0.124822 1.22677 0.204088
      vertex -0.125 1.22677 0.204088
      vertex 0 1.1547 0.407597
    endloop
  endfacet
  facet normal 0 -0.942636 -0.333822
    outer loop
      vertex 0 1.1547 0.407597
      vertex -0.124822 1.22677 0.204088
      vertex 0.124822 1.22677 0.204088
    endloop
  endfacet
  facet normal 0 0.942636 0.333822
    outer loop
      vertex 0 1.1547 0.407597
      vertex 0.124822 1.22677 0.204088
      vertex -0.124822 1.22677 0.204088
    endloop
  endfacet
  facet normal 0 0 -1
    outer loop
      vertex 0.124822 1.22677 0.204088
      vertex 0 1.44297 0.204088
      vertex 0.124911 1.22692 0.204088
    endloop
  endfacet
  facet normal 0 0 -1
    outer loop
      vertex -0.124822 1.22677 0.204088
      vertex 0 1.44297 0.204088
      vertex 0.124822 1.22677 0.204088
    endloop
  endfacet
  facet normal 0 0 -1
    outer loop
      vertex 0 1.44297 0.204088
      vertex -0.124822 1.22677 0.204088
      vertex -0.124911 1.22692 0.204088
    endloop
  endfacet
  facet normal 0 0 1
    outer loop
      vertex 0 1.44297 0.204088
      vertex 0.124822 1.22677 0.204088
      vertex 0.124911 1.22692 0.204088
    endloop
  endfacet
  facet normal 0 0 1
    outer loop
      vertex 0 1.44297 0.204088
      vertex -0.124822 1.22677 0.204088
      vertex 0.124822 1.22677 0.204088
    endloop
  endfacet
  facet normal 0 -0 1
    outer loop
      vertex -0.124822 1.22677 0.204088
      vertex 0 1.44297 0.204088
      vertex -0.124911 1.22692 0.204088
    endloop
  endfacet
  facet normal 0 0 -1
    outer loop
      vertex -0.124822 1.22677 0.204088
      vertex -0.125 1.22677 0.204088
      vertex -0.124956 1.22684 0.204088
    endloop
  endfacet
  facet normal 0 0 1
    outer loop
      vertex -0.124822 1.22677 0.204088
      vertex -0.124956 1.22684 0.204088
      vertex -0.125 1.22677 0.204088
    endloop
  endfacet
  facet normal 0 0 -1
    outer loop
      vertex -0.124822 1.22677 0.204088
      vertex -0.124956 1.22684 0.204088
      vertex -0.124911 1.22692 0.204088
    endloop
  endfacet
  facet normal 0 0 1
    outer loop
      vertex -0.124822 1.22677 0.204088
      vertex -0.124911 1.22692 0.204088
      vertex -0.124956 1.22684 0.204088
    endloop
  endfacet
  facet normal -0 0 -1
    outer loop
      vertex 0.124956 1.22684 0.204088
      vertex 0.124822 1.22677 0.204088
      vertex 0.124911 1.22692 0.204088
    endloop
  endfacet
  facet normal 0 0 1
    outer loop
      vertex 0.124956 1.22684 0.204088
      vertex 0.124911 1.22692 0.204088
      vertex 0.124822 1.22677 0.204088
    endloop
  endfacet
  facet normal 0 0 -1
    outer loop
      vertex 0.125 1.22677 0.204088
      vertex 0.124822 1.22677 0.204088
      vertex 0.124956 1.22684 0.204088
    endloop
  endfacet
  facet normal 0 0 1
    outer loop
      vertex 0.125 1.22677 0.204088
      vertex 0.124956 1.22684 0.204088
      vertex 0.124822 1.22677 0.204088
    endloop
  endfacet
  facet normal 0 0 -1
    outer loop
      vertex 0 1.44327 0.204088
      vertex 0.124911 1.22692 0.204088
      vertex 0 1.44297 0.204088
    endloop
  endfacet
  facet normal 0 0 -1
    outer loop
      vertex 0.124956 1.22684 0.204088
      vertex 0 1.44327 0.204088
      vertex 0.125 1.22677 0.204088
    endloop
  endfacet
  facet normal 0 0 1
    outer loop
      vertex 0.124911 1.22692 0.204088
      vertex 0 1.44327 0.204088
      vertex 0.124956 1.22684 0.204088
    endloop
  endfacet
  facet normal 0 0 -1
    outer loop
      vertex -0.124911 1.22692 0.204088
      vertex 0 1.44327 0.204088
      vertex 0 1.44297 0.204088
    endloop
  endfacet
  facet normal 0 0 1
    outer loop
      vertex -0.124956 1.22684 0.204088
      vertex 0 1.44327 0.204088
      vertex -0.124911 1.22692 0.204088
    endloop
  endfacet
  facet normal 0 0 -1
    outer loop
      vertex 0 1.44327 0.204088
      vertex -0.124956 1.22684 0.204088
      vertex -0.125 1.22677 0.204088
    endloop
  endfacet
  facet normal 0 0 1
    outer loop
      vertex 0 1.44327 0.204088
      vertex 0.124956 1.22684 0.204088
      vertex 0.125 1.22677 0.204088
    endloop
  endfacet
  facet normal 0 0 -1
    outer loop
      vertex 0 1.44327 0.204088
      vertex 0.124911 1.22692 0.204088
      vertex 0.124956 1.22684 0.204088
    endloop
  endfacet
  facet normal 0 0 1
    outer loop
      vertex 0 1.44327 0.204088
      vertex 0 1.44297 0.204088
      vertex 0.124911 1.22692 0.204088
    endloop
  endfacet
  facet normal 0 0 1
    outer loop
      vertex 0 1.44327 0.204088
      vertex -0.124911 1.22692 0.204088
      vertex 0 1.44297 0.204088
    endloop
  endfacet
  facet normal 0 0 -1
    outer loop
      vertex 0 1.44327 0.204088
      vertex -0.124956 1.22684 0.204088
      vertex -0.124911 1.22692 0.204088
    endloop
  endfacet
  facet normal 0 -0 1
    outer loop
      vertex -0.124956 1.22684 0.204088
      vertex 0 1.44327 0.204088
      vertex -0.125 1.22677 0.204088
    endloop
  endfacet
  facet normal 0 -1 0
    outer loop
      vertex 0 1.29904 1.47724e-24
      vertex 0 1.29904 1.18244e-17
      vertex -7.2422e-18 1.29904 2.95448e-24
    endloop
  endfacet
  facet normal 0 -1 0
    outer loop
      vertex 0 1.29904 1.18244e-17
      vertex 0 1.29904 1.47724e-24
      vertex 7.2422e-18 1.29904 2.95448e-24
    endloop
  endfacet
  facet normal -0 -1 0
    outer loop
      vertex 0 1.29904 1.47724e-24
      vertex -7.2422e-18 1.29904 2.95448e-24
      vertex -7.2422e-18 1.29904 0
    endloop
  endfacet
  facet normal 0 -1 -0
    outer loop
      vertex 7.2422e-18 1.29904 2.95448e-24
      vertex 0 1.29904 1.47724e-24
      vertex 7.2422e-18 1.29904 0
    endloop
  endfacet
  facet normal 0 1 0
    outer loop
      vertex 0 1.29904 1.47724e-24
      vertex 0 1.29904 1.18244e-17
      vertex 7.2422e-18 1.29904 2.95448e-24
    endloop
  endfacet
  facet normal 0 1 0
    outer loop
      vertex 0 1.29904 1.18244e-17
      vertex 0 1.29904 1.47724e-24
      vertex -7.2422e-18 1.29904 2.95448e-24
    endloop
  endfacet
  facet normal -0 1 0
    outer loop
      vertex 0 1.29904 1.47724e-24
      vertex 7.2422e-18 1.29904 2.95448e-24
      vertex 7.2422e-18 1.29904 0
    endloop
  endfacet
  facet normal 0 1 0
    outer loop
      vertex -7.2422e-18 1.29904 2.95448e-24
      vertex 0 1.29904 1.47724e-24
      vertex -7.2422e-18 1.29904 0
    endloop
  endfacet
  facet normal 0.00714719 -0.943989 -0.3299
    outer loop
      vertex 0.124911 1.22682 0.203943
      vertex 0.25 1.29904 5.09941e-08
      vertex 0.125 1.22677 0.204088
    endloop
  endfacet
  facet normal -0.273782 -0.947061 -0.167686
    outer loop
      vertex 7.2422e-18 1.29904 2.95448e-24
      vertex 0.124911 1.22682 0.203943
      vertex 0 1.29904 1.18244e-17
    endloop
  endfacet
  facet normal 6.80887e-08 -0.942641 -0.333807
    outer loop
      vertex 0.124911 1.22682 0.203943
      vertex 7.2422e-18 1.29904 2.95448e-24
      vertex 0.25 1.29904 5.09941e-08
    endloop
  endfacet
  facet normal -0.00714719 0.943989 0.3299
    outer loop
      vertex 0.25 1.29904 5.09941e-08
      vertex 0.124911 1.22682 0.203943
      vertex 0.125 1.22677 0.204088
    endloop
  endfacet
  facet normal -6.80887e-08 0.942641 0.333807
    outer loop
      vertex 7.2422e-18 1.29904 2.95448e-24
      vertex 0.124911 1.22682 0.203943
      vertex 0.25 1.29904 5.09941e-08
    endloop
  endfacet
  facet normal 0 0 0
    outer loop
      vertex 0.124911 1.22682 0.203943
      vertex 7.2422e-18 1.29904 2.95448e-24
      vertex 0 1.29904 1.18244e-17
    endloop
  endfacet
  facet normal -0.00714719 -0.943989 -0.3299
    outer loop
      vertex -0.25 1.29904 5.09941e-08
      vertex -0.124911 1.22682 0.203943
      vertex -0.125 1.22677 0.204088
    endloop
  endfacet
  facet normal -6.80887e-08 -0.942641 -0.333807
    outer loop
      vertex -7.2422e-18 1.29904 2.95448e-24
      vertex -0.124911 1.22682 0.203943
      vertex -0.25 1.29904 5.09941e-08
    endloop
  endfacet
  facet normal 0 0 0
    outer loop
      vertex -0.124911 1.22682 0.203943
      vertex -7.2422e-18 1.29904 2.95448e-24
      vertex 0 1.29904 1.18244e-17
    endloop
  endfacet
  facet normal 0.00714719 0.943989 0.3299
    outer loop
      vertex -0.124911 1.22682 0.203943
      vertex -0.25 1.29904 5.09941e-08
      vertex -0.125 1.22677 0.204088
    endloop
  endfacet
  facet normal -0.273782 0.947061 0.167686
    outer loop
      vertex -7.2422e-18 1.29904 2.95448e-24
      vertex -0.124911 1.22682 0.203943
      vertex 0 1.29904 1.18244e-17
    endloop
  endfacet
  facet normal 6.80887e-08 0.942641 0.333807
    outer loop
      vertex -0.124911 1.22682 0.203943
      vertex -7.2422e-18 1.29904 2.95448e-24
      vertex -0.25 1.29904 5.09941e-08
    endloop
  endfacet
  facet normal 0.812214 -0.480394 0.330953
    outer loop
      vertex 0 1.44307 0.204233
      vertex 8.86563e-05 1.44312 0.204088
      vertex 8.87193e-05 1.44322 0.204233
    endloop
  endfacet
  facet normal 0.812316 -0.480113 0.331112
    outer loop
      vertex 8.86563e-05 1.44312 0.204088
      vertex 0 1.44307 0.204233
      vertex 0 1.44297 0.204088
    endloop
  endfacet
  facet normal -0.812214 0.480394 -0.330953
    outer loop
      vertex 8.86563e-05 1.44312 0.204088
      vertex 0 1.44307 0.204233
      vertex 8.87193e-05 1.44322 0.204233
    endloop
  endfacet
  facet normal -0.812316 0.480113 -0.331112
    outer loop
      vertex 0 1.44307 0.204233
      vertex 8.86563e-05 1.44312 0.204088
      vertex 0 1.44297 0.204088
    endloop
  endfacet
  facet normal 0.818339 -0.473129 0.326296
    outer loop
      vertex 0 1.44307 0.204233
      vertex -0.124911 1.22692 0.204088
      vertex 0 1.44297 0.204088
    endloop
  endfacet
  facet normal 0.0435333 -0.0244875 -0.998752
    outer loop
      vertex 0 1.44307 0.204233
      vertex -0.124956 1.22684 0.204088
      vertex -0.124911 1.22692 0.204088
    endloop
  endfacet
  facet normal 0.0132283 -0.00831494 0.999878
    outer loop
      vertex -0.124956 1.22684 0.204088
      vertex 0 1.44307 0.204233
      vertex -0.125 1.22677 0.204088
    endloop
  endfacet
  facet normal -0.818339 0.473129 -0.326296
    outer loop
      vertex -0.124911 1.22692 0.204088
      vertex 0 1.44307 0.204233
      vertex 0 1.44297 0.204088
    endloop
  endfacet
  facet normal -0.0435333 0.0244875 0.998752
    outer loop
      vertex -0.124956 1.22684 0.204088
      vertex 0 1.44307 0.204233
      vertex -0.124911 1.22692 0.204088
    endloop
  endfacet
  facet normal -0.0132283 0.00831494 -0.999878
    outer loop
      vertex 0 1.44307 0.204233
      vertex -0.124956 1.22684 0.204088
      vertex -0.125 1.22677 0.204088
    endloop
  endfacet
  facet normal 0.802509 -0.504434 0.318632
    outer loop
      vertex -0.124956 1.22684 0.204088
      vertex -0.125 1.22677 0.204088
      vertex -0.124911 1.22682 0.203943
    endloop
  endfacet
  facet normal -0.802509 0.504434 -0.318632
    outer loop
      vertex -0.124956 1.22684 0.204088
      vertex -0.124911 1.22682 0.203943
      vertex -0.125 1.22677 0.204088
    endloop
  endfacet
  facet normal 0.816356 -0.471983 0.332859
    outer loop
      vertex -0.124911 1.22692 0.204088
      vertex 0 1.29904 1.18244e-17
      vertex 0 1.44297 0.204088
    endloop
  endfacet
  facet normal 0.825658 -0.464433 0.320298
    outer loop
      vertex -0.124911 1.22682 0.203943
      vertex -0.124911 1.22692 0.204088
      vertex -0.124956 1.22684 0.204088
    endloop
  endfacet
  facet normal 0.814302 -0.477827 0.329536
    outer loop
      vertex -0.124911 1.22692 0.204088
      vertex -0.124911 1.22682 0.203943
      vertex 0 1.29904 1.18244e-17
    endloop
  endfacet
  facet normal -0.816356 0.471983 -0.332859
    outer loop
      vertex 0 1.29904 1.18244e-17
      vertex -0.124911 1.22692 0.204088
      vertex 0 1.44297 0.204088
    endloop
  endfacet
  facet normal -0.814302 0.477827 -0.329536
    outer loop
      vertex -0.124911 1.22682 0.203943
      vertex -0.124911 1.22692 0.204088
      vertex 0 1.29904 1.18244e-17
    endloop
  endfacet
  facet normal -0.825658 0.464433 -0.320298
    outer loop
      vertex -0.124911 1.22692 0.204088
      vertex -0.124911 1.22682 0.203943
      vertex -0.124956 1.22684 0.204088
    endloop
  endfacet
  facet normal 0.810289 -0.478915 0.337747
    outer loop
      vertex 0 1.29904 1.18244e-17
      vertex 8.86563e-05 1.44312 0.204088
      vertex 0 1.44297 0.204088
    endloop
  endfacet
  facet normal 0 1 -0
    outer loop
      vertex 7.2422e-18 1.29904 0
      vertex 0 1.29904 1.18244e-17
      vertex 7.2422e-18 1.29904 2.95448e-24
    endloop
  endfacet
  facet normal 0.685369 -0.595028 0.419774
    outer loop
      vertex 0 1.29904 1.18244e-17
      vertex 7.2422e-18 1.29904 0
      vertex 8.86563e-05 1.44312 0.204088
    endloop
  endfacet
  facet normal -0.685369 0.595028 -0.419774
    outer loop
      vertex 0 1.29904 1.18244e-17
      vertex 8.86563e-05 1.44312 0.204088
      vertex 7.2422e-18 1.29904 0
    endloop
  endfacet
  facet normal 0 -1 0
    outer loop
      vertex 0 1.29904 1.18244e-17
      vertex 7.2422e-18 1.29904 0
      vertex 7.2422e-18 1.29904 2.95448e-24
    endloop
  endfacet
  facet normal -0.810289 0.478915 -0.337747
    outer loop
      vertex 8.86563e-05 1.44312 0.204088
      vertex 0 1.29904 1.18244e-17
      vertex 0 1.44297 0.204088
    endloop
  endfacet
  facet normal -0.812214 -0.480394 0.330953
    outer loop
      vertex -8.86563e-05 1.44312 0.204088
      vertex 0 1.44307 0.204233
      vertex -8.87193e-05 1.44322 0.204233
    endloop
  endfacet
  facet normal -0.812316 -0.480113 0.331112
    outer loop
      vertex 0 1.44307 0.204233
      vertex -8.86563e-05 1.44312 0.204088
      vertex 0 1.44297 0.204088
    endloop
  endfacet
  facet normal 0.812214 0.480394 -0.330953
    outer loop
      vertex 0 1.44307 0.204233
      vertex -8.86563e-05 1.44312 0.204088
      vertex -8.87193e-05 1.44322 0.204233
    endloop
  endfacet
  facet normal 0.812316 0.480113 -0.331112
    outer loop
      vertex -8.86563e-05 1.44312 0.204088
      vertex 0 1.44307 0.204233
      vertex 0 1.44297 0.204088
    endloop
  endfacet
  facet normal -0.685369 -0.595028 0.419774
    outer loop
      vertex 0 1.29904 1.18244e-17
      vertex -8.86563e-05 1.44312 0.204088
      vertex -7.2422e-18 1.29904 0
    endloop
  endfacet
  facet normal 0 1 0
    outer loop
      vertex 0 1.29904 1.18244e-17
      vertex -7.2422e-18 1.29904 0
      vertex -7.2422e-18 1.29904 2.95448e-24
    endloop
  endfacet
  facet normal -0.810289 -0.478915 0.337747
    outer loop
      vertex -8.86563e-05 1.44312 0.204088
      vertex 0 1.29904 1.18244e-17
      vertex 0 1.44297 0.204088
    endloop
  endfacet
  facet normal 0.810289 0.478915 -0.337747
    outer loop
      vertex 0 1.29904 1.18244e-17
      vertex -8.86563e-05 1.44312 0.204088
      vertex 0 1.44297 0.204088
    endloop
  endfacet
  facet normal 0 -1 0
    outer loop
      vertex -7.2422e-18 1.29904 0
      vertex 0 1.29904 1.18244e-17
      vertex -7.2422e-18 1.29904 2.95448e-24
    endloop
  endfacet
  facet normal 0.685369 0.595028 -0.419774
    outer loop
      vertex 0 1.29904 1.18244e-17
      vertex -7.2422e-18 1.29904 0
      vertex -8.86563e-05 1.44312 0.204088
    endloop
  endfacet
  facet normal -0.802509 -0.504434 0.318632
    outer loop
      vertex 0.124956 1.22684 0.204088
      vertex 0.124911 1.22682 0.203943
      vertex 0.125 1.22677 0.204088
    endloop
  endfacet
  facet normal 0.802509 0.504434 -0.318632
    outer loop
      vertex 0.124956 1.22684 0.204088
      vertex 0.125 1.22677 0.204088
      vertex 0.124911 1.22682 0.203943
    endloop
  endfacet
  facet normal -0.816356 -0.471983 0.332859
    outer loop
      vertex 0 1.29904 1.18244e-17
      vertex 0.124911 1.22692 0.204088
      vertex 0 1.44297 0.204088
    endloop
  endfacet
  facet normal -0.814302 -0.477827 0.329536
    outer loop
      vertex 0.124911 1.22682 0.203943
      vertex 0.124911 1.22692 0.204088
      vertex 0 1.29904 1.18244e-17
    endloop
  endfacet
  facet normal -0.825658 -0.464433 0.320298
    outer loop
      vertex 0.124911 1.22692 0.204088
      vertex 0.124911 1.22682 0.203943
      vertex 0.124956 1.22684 0.204088
    endloop
  endfacet
  facet normal 0.816356 0.471983 -0.332859
    outer loop
      vertex 0.124911 1.22692 0.204088
      vertex 0 1.29904 1.18244e-17
      vertex 0 1.44297 0.204088
    endloop
  endfacet
  facet normal 0.825658 0.464433 -0.320298
    outer loop
      vertex 0.124911 1.22682 0.203943
      vertex 0.124911 1.22692 0.204088
      vertex 0.124956 1.22684 0.204088
    endloop
  endfacet
  facet normal 0.814302 0.477827 -0.329536
    outer loop
      vertex 0.124911 1.22692 0.204088
      vertex 0.124911 1.22682 0.203943
      vertex 0 1.29904 1.18244e-17
    endloop
  endfacet
  facet normal -0.818339 -0.473129 0.326296
    outer loop
      vertex 0.124911 1.22692 0.204088
      vertex 0 1.44307 0.204233
      vertex 0 1.44297 0.204088
    endloop
  endfacet
  facet normal -0.0435333 -0.0244875 -0.998752
    outer loop
      vertex 0.124956 1.22684 0.204088
      vertex 0 1.44307 0.204233
      vertex 0.124911 1.22692 0.204088
    endloop
  endfacet
  facet normal -0.0132283 -0.00831494 0.999878
    outer loop
      vertex 0 1.44307 0.204233
      vertex 0.124956 1.22684 0.204088
      vertex 0.125 1.22677 0.204088
    endloop
  endfacet
  facet normal 0.818339 0.473129 -0.326296
    outer loop
      vertex 0 1.44307 0.204233
      vertex 0.124911 1.22692 0.204088
      vertex 0 1.44297 0.204088
    endloop
  endfacet
  facet normal 0.0435333 0.0244875 0.998752
    outer loop
      vertex 0 1.44307 0.204233
      vertex 0.124956 1.22684 0.204088
      vertex 0.124911 1.22692 0.204088
    endloop
  endfacet
  facet normal 0.0132283 0.00831494 -0.999878
    outer loop
      vertex 0.124956 1.22684 0.204088
      vertex 0 1.44307 0.204233
      vertex 0.125 1.22677 0.204088
    endloop
  endfacet
  facet normal 0 0 1
    outer loop
      vertex -0.375 1.08253 0
      vertex -0.5 0.866025 0
      vertex -0.25 0.866025 0
    endloop
  endfacet
  facet normal 0 -0 -1
    outer loop
      vertex -0.375 1.08253 0
      vertex -0.25 0.866025 0
      vertex -0.5 0.866025 0
    endloop
  endfacet
  facet normal -0.816352 -0.471324 0.333802
    outer loop
      vertex -0.25 1.01036 0.203799
      vertex -0.375 1.08253 0
      vertex -0.25 0.866025 0
    endloop
  endfacet
  facet normal 0.816352 0.471324 -0.333802
    outer loop
      vertex -0.25 1.01036 0.203799
      vertex -0.25 0.866025 0
      vertex -0.375 1.08253 0
    endloop
  endfacet
  facet normal -0.815883 -0.472676 0.333036
    outer loop
      vertex -0.25 1.01036 0.203799
      vertex -0.249911 1.01041 0.204088
      vertex -0.375 1.08253 0
    endloop
  endfacet
  facet normal -0.817275 -0.470256 0.333046
    outer loop
      vertex -0.249911 1.01041 0.204088
      vertex -0.25 1.01036 0.203799
      vertex -0.25 0.866025 0
    endloop
  endfacet
  facet normal 0.815883 0.472676 -0.333036
    outer loop
      vertex -0.249911 1.01041 0.204088
      vertex -0.25 1.01036 0.203799
      vertex -0.375 1.08253 0
    endloop
  endfacet
  facet normal 0.817275 0.470256 -0.333046
    outer loop
      vertex -0.25 1.01036 0.203799
      vertex -0.249911 1.01041 0.204088
      vertex -0.25 0.866025 0
    endloop
  endfacet
  facet normal 0 0 1
    outer loop
      vertex -0.25 1.29904 0
      vertex -0.375 1.08253 0
      vertex -0.125 1.08253 0
    endloop
  endfacet
  facet normal 0 -0 -1
    outer loop
      vertex -0.25 1.29904 0
      vertex -0.125 1.08253 0
      vertex -0.375 1.08253 0
    endloop
  endfacet
  facet normal 0 0 1
    outer loop
      vertex -0.125 1.08253 0
      vertex -0.25 0.866025 0
      vertex -9.36988e-08 0.866025 0
    endloop
  endfacet
  facet normal 0 -0 -1
    outer loop
      vertex -0.125 1.08253 0
      vertex -9.36988e-08 0.866025 0
      vertex -0.25 0.866025 0
    endloop
  endfacet
  facet normal 0.828577 -0.460896 0.317859
    outer loop
      vertex -0.250089 1.01031 0.203943
      vertex -0.25 1.01047 0.203943
      vertex -0.250089 1.01041 0.204088
    endloop
  endfacet
  facet normal 0.819241 -0.455703 0.348107
    outer loop
      vertex -0.25 1.01047 0.203943
      vertex -0.250089 1.01031 0.203943
      vertex -0.25 1.01036 0.203799
    endloop
  endfacet
  facet normal -0.819241 0.455703 -0.348107
    outer loop
      vertex -0.250089 1.01031 0.203943
      vertex -0.25 1.01047 0.203943
      vertex -0.25 1.01036 0.203799
    endloop
  endfacet
  facet normal -0.828577 0.460896 -0.317859
    outer loop
      vertex -0.25 1.01047 0.203943
      vertex -0.250089 1.01031 0.203943
      vertex -0.250089 1.01041 0.204088
    endloop
  endfacet
  facet normal 0.812468 -0.475772 0.336952
    outer loop
      vertex -0.25 1.01036 0.203799
      vertex -0.250089 1.01031 0.203943
      vertex -0.25 0.866025 0
    endloop
  endfacet
  facet normal -0.812468 0.475772 -0.336952
    outer loop
      vertex -0.25 1.01036 0.203799
      vertex -0.25 0.866025 0
      vertex -0.250089 1.01031 0.203943
    endloop
  endfacet
  facet normal 0.816352 -0.471324 0.333802
    outer loop
      vertex -0.125 1.08253 0
      vertex -0.25 1.01036 0.203799
      vertex -0.25 0.866025 0
    endloop
  endfacet
  facet normal -0.816352 0.471324 -0.333802
    outer loop
      vertex -0.125 1.08253 0
      vertex -0.25 0.866025 0
      vertex -0.25 1.01036 0.203799
    endloop
  endfacet
  facet normal 0.822943 -0.451472 0.344875
    outer loop
      vertex -0.125 1.08253 0
      vertex -0.25 1.01047 0.203943
      vertex -0.25 1.01036 0.203799
    endloop
  endfacet
  facet normal -0.822943 0.451472 -0.344875
    outer loop
      vertex -0.125 1.08253 0
      vertex -0.25 1.01036 0.203799
      vertex -0.25 1.01047 0.203943
    endloop
  endfacet
  facet normal 0 0.945373 0.325991
    outer loop
      vertex -0.249911 1.01031 0.203943
      vertex -0.250089 1.01031 0.203943
      vertex -0.25 1.01026 0.204088
    endloop
  endfacet
  facet normal -0 0.944674 0.328012
    outer loop
      vertex -0.250089 1.01031 0.203943
      vertex -0.249911 1.01031 0.203943
      vertex -0.25 1.01036 0.203799
    endloop
  endfacet
  facet normal 0 -0.945373 -0.325991
    outer loop
      vertex -0.250089 1.01031 0.203943
      vertex -0.249911 1.01031 0.203943
      vertex -0.25 1.01026 0.204088
    endloop
  endfacet
  facet normal -0 -0.944674 -0.328012
    outer loop
      vertex -0.249911 1.01031 0.203943
      vertex -0.250089 1.01031 0.203943
      vertex -0.25 1.01036 0.203799
    endloop
  endfacet
  facet normal -0.00528849 0.943643 0.330922
    outer loop
      vertex -0.125 1.08253 0
      vertex -0.25 1.01036 0.203799
      vertex -0.249911 1.01031 0.203943
    endloop
  endfacet
  facet normal 0.00528849 -0.943643 -0.330922
    outer loop
      vertex -0.125 1.08253 0
      vertex -0.249911 1.01031 0.203943
      vertex -0.25 1.01036 0.203799
    endloop
  endfacet
  facet normal 0 0.94264 0.333811
    outer loop
      vertex -0.125 1.08253 0
      vertex -0.375 1.08253 0
      vertex -0.25 1.01036 0.203799
    endloop
  endfacet
  facet normal -0 -0.94264 -0.333811
    outer loop
      vertex -0.125 1.08253 0
      vertex -0.25 1.01036 0.203799
      vertex -0.375 1.08253 0
    endloop
  endfacet
  facet normal 0.00528849 0.943643 0.330922
    outer loop
      vertex -0.25 1.01036 0.203799
      vertex -0.375 1.08253 0
      vertex -0.250089 1.01031 0.203943
    endloop
  endfacet
  facet normal -0.00528849 -0.943643 -0.330922
    outer loop
      vertex -0.25 1.01036 0.203799
      vertex -0.250089 1.01031 0.203943
      vertex -0.375 1.08253 0
    endloop
  endfacet
  facet normal 0.82098 0.469852 -0.324393
    outer loop
      vertex 0.000177415 1.1546 0.407886
      vertex 0 1.15491 0.407886
      vertex 0.000177541 1.1548 0.408176
    endloop
  endfacet
  facet normal 0.816367 0.467212 -0.339497
    outer loop
      vertex 0 1.15491 0.407886
      vertex 0.000177415 1.1546 0.407886
      vertex 0 1.1547 0.407597
    endloop
  endfacet
  facet normal -0.816367 -0.467212 0.339497
    outer loop
      vertex 0.000177415 1.1546 0.407886
      vertex 0 1.15491 0.407886
      vertex 0 1.1547 0.407597
    endloop
  endfacet
  facet normal -0.82098 -0.469852 0.324393
    outer loop
      vertex 0 1.15491 0.407886
      vertex 0.000177415 1.1546 0.407886
      vertex 0.000177541 1.1548 0.408176
    endloop
  endfacet
  facet normal 0.818643 0.464599 -0.337598
    outer loop
      vertex 0 1.1547 0.407597
      vertex -0.124911 1.22692 0.204088
      vertex 0 1.15491 0.407886
    endloop
  endfacet
  facet normal 0.812542 0.482108 -0.327639
    outer loop
      vertex -0.124911 1.22692 0.204088
      vertex 0 1.1547 0.407597
      vertex -0.124822 1.22677 0.204088
    endloop
  endfacet
  facet normal -0.812542 -0.482108 0.327639
    outer loop
      vertex 0 1.1547 0.407597
      vertex -0.124911 1.22692 0.204088
      vertex -0.124822 1.22677 0.204088
    endloop
  endfacet
  facet normal -0.818643 -0.464599 0.337598
    outer loop
      vertex -0.124911 1.22692 0.204088
      vertex 0 1.1547 0.407597
      vertex 0 1.15491 0.407886
    endloop
  endfacet
  facet normal 0.816356 0.471319 -0.333799
    outer loop
      vertex 0 1.01057 0.204088
      vertex -0.124822 1.22677 0.204088
      vertex 0 1.1547 0.407597
    endloop
  endfacet
  facet normal -0.816356 -0.471319 0.333799
    outer loop
      vertex 0 1.01057 0.204088
      vertex 0 1.1547 0.407597
      vertex -0.124822 1.22677 0.204088
    endloop
  endfacet
  facet normal 0.814016 0.474006 -0.335703
    outer loop
      vertex 0.000177415 1.1546 0.407886
      vertex 0 1.01057 0.204088
      vertex 0 1.1547 0.407597
    endloop
  endfacet
  facet normal 0.826923 0.458871 -0.325017
    outer loop
      vertex 8.87862e-05 1.01041 0.204088
      vertex 0 1.01057 0.204088
      vertex 0.000177415 1.1546 0.407886
    endloop
  endfacet
  facet normal 0 0 -1
    outer loop
      vertex 0 1.01057 0.204088
      vertex 8.87862e-05 1.01041 0.204088
      vertex 8.87231e-05 1.01041 0.204088
    endloop
  endfacet
  facet normal -0.814016 -0.474006 0.335703
    outer loop
      vertex 0 1.01057 0.204088
      vertex 0.000177415 1.1546 0.407886
      vertex 0 1.1547 0.407597
    endloop
  endfacet
  facet normal 0 0 1
    outer loop
      vertex 8.87862e-05 1.01041 0.204088
      vertex 0 1.01057 0.204088
      vertex 8.87231e-05 1.01041 0.204088
    endloop
  endfacet
  facet normal -0.826923 -0.458871 0.325017
    outer loop
      vertex 0 1.01057 0.204088
      vertex 8.87862e-05 1.01041 0.204088
      vertex 0.000177415 1.1546 0.407886
    endloop
  endfacet
  facet normal 0 0 -0
    outer loop
      vertex 8.87861e-05 1.01041 0.204088
      vertex 8.87231e-05 1.01041 0.204088
      vertex 8.87862e-05 1.01041 0.204088
    endloop
  endfacet
  facet normal 0 -0 0
    outer loop
      vertex 8.87861e-05 1.01041 0.204088
      vertex 8.87862e-05 1.01041 0.204088
      vertex 8.87231e-05 1.01041 0.204088
    endloop
  endfacet
  facet normal 0 0 0
    outer loop
      vertex 8.87861e-05 1.01041 0.204088
      vertex 0 1.01041 0.204088
      vertex 8.87231e-05 1.01041 0.204088
    endloop
  endfacet
  facet normal 0 0 0
    outer loop
      vertex 8.87861e-05 1.01041 0.204088
      vertex 8.87231e-05 1.01041 0.204088
      vertex 0 1.01041 0.204088
    endloop
  endfacet
  facet normal 0 0 -1
    outer loop
      vertex -8.87231e-05 1.01041 0.204088
      vertex -0.124822 1.22677 0.204088
      vertex 0 1.01057 0.204088
    endloop
  endfacet
  facet normal 0 0 -1
    outer loop
      vertex -8.87231e-05 1.01041 0.204088
      vertex -0.125 1.22677 0.204088
      vertex -0.124822 1.22677 0.204088
    endloop
  endfacet
  facet normal 0 -0 -1
    outer loop
      vertex -0.125 1.22677 0.204088
      vertex -8.87231e-05 1.01041 0.204088
      vertex -0.249645 1.01057 0.204088
    endloop
  endfacet
  facet normal 0 0 1
    outer loop
      vertex -0.124822 1.22677 0.204088
      vertex -8.87231e-05 1.01041 0.204088
      vertex 0 1.01057 0.204088
    endloop
  endfacet
  facet normal -0 0 1
    outer loop
      vertex -0.125 1.22677 0.204088
      vertex -8.87231e-05 1.01041 0.204088
      vertex -0.124822 1.22677 0.204088
    endloop
  endfacet
  facet normal 0 0 1
    outer loop
      vertex -8.87231e-05 1.01041 0.204088
      vertex -0.125 1.22677 0.204088
      vertex -0.249645 1.01057 0.204088
    endloop
  endfacet
  facet normal 0 0 -1
    outer loop
      vertex -0.124822 1.22677 0.204088
      vertex -0.124956 1.22684 0.204088
      vertex -0.124911 1.22692 0.204088
    endloop
  endfacet
  facet normal 0 0 1
    outer loop
      vertex -0.124822 1.22677 0.204088
      vertex -0.124911 1.22692 0.204088
      vertex -0.124956 1.22684 0.204088
    endloop
  endfacet
  facet normal 0 0 -1
    outer loop
      vertex -0.124822 1.22677 0.204088
      vertex -0.125 1.22677 0.204088
      vertex -0.124956 1.22684 0.204088
    endloop
  endfacet
  facet normal 0 0 1
    outer loop
      vertex -0.124822 1.22677 0.204088
      vertex -0.124956 1.22684 0.204088
      vertex -0.125 1.22677 0.204088
    endloop
  endfacet
  facet normal 0 0 -1
    outer loop
      vertex 8.87231e-05 1.01041 0.204088
      vertex 0 1.01041 0.204088
      vertex 0 1.01057 0.204088
    endloop
  endfacet
  facet normal 0 0 1
    outer loop
      vertex 8.87231e-05 1.01041 0.204088
      vertex 0 1.01057 0.204088
      vertex 0 1.01041 0.204088
    endloop
  endfacet
  facet normal 0 0 -1
    outer loop
      vertex 0 1.01041 0.204088
      vertex -8.87231e-05 1.01041 0.204088
      vertex 0 1.01057 0.204088
    endloop
  endfacet
  facet normal 0 -0 1
    outer loop
      vertex 0 1.01041 0.204088
      vertex 0 1.01057 0.204088
      vertex -8.87231e-05 1.01041 0.204088
    endloop
  endfacet
  facet normal 0 0 0
    outer loop
      vertex -0.249911 1.01041 0.204088
      vertex -8.87231e-05 1.01041 0.204088
      vertex 0 1.01041 0.204088
    endloop
  endfacet
  facet normal 0 0 -1
    outer loop
      vertex -8.87231e-05 1.01041 0.204088
      vertex -0.249911 1.01041 0.204088
      vertex -0.249645 1.01057 0.204088
    endloop
  endfacet
  facet normal 0 0 -1
    outer loop
      vertex -0.249911 1.01041 0.204088
      vertex -0.125 1.22677 0.204088
      vertex -0.249645 1.01057 0.204088
    endloop
  endfacet
  facet normal -0 0 1
    outer loop
      vertex -0.125 1.22677 0.204088
      vertex -0.249911 1.01041 0.204088
      vertex -0.124956 1.22684 0.204088
    endloop
  endfacet
  facet normal 0 0 -1
    outer loop
      vertex -0.249911 1.01041 0.204088
      vertex -0.125 1.22677 0.204088
      vertex -0.124956 1.22684 0.204088
    endloop
  endfacet
  facet normal 0 0 1
    outer loop
      vertex -0.125 1.22677 0.204088
      vertex -0.249911 1.01041 0.204088
      vertex -0.249645 1.01057 0.204088
    endloop
  endfacet
  facet normal 0 0 1
    outer loop
      vertex -0.249911 1.01041 0.204088
      vertex -8.87231e-05 1.01041 0.204088
      vertex -0.249645 1.01057 0.204088
    endloop
  endfacet
  facet normal 0 0 -0
    outer loop
      vertex -8.87231e-05 1.01041 0.204088
      vertex -0.249911 1.01041 0.204088
      vertex 0 1.01041 0.204088
    endloop
  endfacet
  facet normal 0.813905 0.478285 -0.329852
    outer loop
      vertex -0.124911 1.22682 0.203943
      vertex -0.249956 1.29901 7.17682e-05
      vertex -0.124911 1.22692 0.204088
    endloop
  endfacet
  facet normal -0.813905 -0.478285 0.329852
    outer loop
      vertex -0.124911 1.22682 0.203943
      vertex -0.124911 1.22692 0.204088
      vertex -0.249956 1.29901 7.17682e-05
    endloop
  endfacet
  facet normal 0.816348 0.471321 -0.333816
    outer loop
      vertex -0.125 1.08253 1.18244e-17
      vertex -0.249956 1.29901 7.17682e-05
